101 0 0 1101
201 2 0 101 203
202 3 0 201
203 2 1 204 1103
204 3 1 202
301 12 0 1401
401 14 0 301 403
402 15 0 401
403 14 1 404 1403
404 15 1 402
501 24 0 502
502 24 1 1701
601 25 0 501 604
602 26 0 601
603 27 0 602
604 25 1 605 1702
605 26 1 606
606 27 1 603
701 36 0 702
702 36 1 2001
801 37 0 701 804
802 38 0 801
803 39 0 802
804 37 1 805 2002
805 38 1 806
806 39 1 803
901 48 0 902
902 48 1 2301
1001 49 0 901 1004
1002 50 0 1001
1003 51 0 1002
1004 49 1 1005 2302
1005 50 1 1006
1006 51 1 1003
1101 0 2 1102 1105
1102 1 2 1101 1103 1106
1103 2 2 203 1102 1104 1107
1104 3 2 1103 1108 1201
1105 0 3 1101 1106 2501
1106 1 3 1102 1105 1107 2502
1107 2 3 1103 1106 1108 2503
1108 3 3 1104 1107 1205 2504
1201 4 2 1104 1202 1205
1202 5 2 1201 1203 1206
1203 6 2 1202 1204 1207
1204 7 2 1203 1208 1301
1205 4 3 1108 1201 1206 2601
1206 5 3 1202 1205 1207 2602
1207 6 3 1203 1206 1208 2603
1208 7 3 1204 1207 1305 2604
1301 8 2 1204 1302 1305
1302 9 2 1301 1303 1306
1303 10 2 1302 1304 1307
1304 11 2 1303 1308 1401
1305 8 3 1208 1301 1306 2701
1306 9 3 1302 1305 1307 2702
1307 10 3 1303 1306 1308 2703
1308 11 3 1304 1307 1405 2704
1401 12 2 1304 1402 1405
1402 13 2 1401 1403 1406
1403 14 2 403 1402 1404 1407
1404 15 2 1403 1408 1501
1405 12 3 1308 1401 1406 2801
1406 13 3 1402 1405 1407 2802
1407 14 3 1403 1406 1408 2803
1408 15 3 1404 1407 1505 2804
1501 16 2 1404 1502 1505
1502 17 2 1501 1503 1506
1503 18 2 1502 1504 1507
1504 19 2 1503 1508 1601
1505 16 3 1408 1501 1506 2901
1506 17 3 1502 1505 1507 2902
1507 18 3 1503 1506 1508 2903
1508 19 3 1504 1507 1605 2904
1601 20 2 1504 1602 1605
1602 21 2 1601 1603 1606
1603 22 2 1602 1604 1607
1604 23 2 1603 1608 1701
1605 20 3 1508 1601 1606 3001
1606 21 3 1602 1605 1607 3002
1607 22 3 1603 1606 1608 3003
1608 23 3 1604 1607 1705 3004
1701 24 2 1604 1702 1705
1702 25 2 604 1701 1703 1706
1703 26 2 1702 1704 1707
1704 27 2 1703 1708 1801
1705 24 3 1608 1701 1706 3101
1706 25 3 1702 1705 1707 3102
1707 26 3 1703 1706 1708 3103
1708 27 3 1704 1707 1805 3104
1801 28 2 1704 1802 1805
1802 29 2 1801 1803 1806
1803 30 2 1802 1804 1807
1804 31 2 1803 1808 1901
1805 28 3 1708 1801 1806 3201
1806 29 3 1802 1805 1807 3202
1807 30 3 1803 1806 1808 3203
1808 31 3 1804 1807 1905 3204
1901 32 2 1804 1902 1905
1902 33 2 1901 1903 1906
1903 34 2 1902 1904 1907
1904 35 2 1903 1908 2001
1905 32 3 1808 1901 1906 3301
1906 33 3 1902 1905 1907 3302
1907 34 3 1903 1906 1908 3303
1908 35 3 1904 1907 2005 3304
2001 36 2 1904 2002 2005
2002 37 2 804 2001 2003 2006
2003 38 2 2002 2004 2007
2004 39 2 2003 2008 2101
2005 36 3 1908 2001 2006 3401
2006 37 3 2002 2005 2007 3402
2007 38 3 2003 2006 2008 3403
2008 39 3 2004 2007 2105 3404
2101 40 2 2004 2102 2105
2102 41 2 2101 2103 2106
2103 42 2 2102 2104 2107
2104 43 2 2103 2108 2201
2105 40 3 2008 2101 2106 3501
2106 41 3 2102 2105 2107 3502
2107 42 3 2103 2106 2108 3503
2108 43 3 2104 2107 2205 3504
2201 44 2 2104 2202 2205
2202 45 2 2201 2203 2206
2203 46 2 2202 2204 2207
2204 47 2 2203 2208 2301
2205 44 3 2108 2201 2206 3601
2206 45 3 2202 2205 2207 3602
2207 46 3 2203 2206 2208 3603
2208 47 3 2204 2207 2305 3604
2301 48 2 2204 2302 2305
2302 49 2 1004 2301 2303 2306
2303 50 2 2302 2304 2307
2304 51 2 2303 2308 2401
2305 48 3 2208 2301 2306 3701
2306 49 3 2302 2305 2307 3702
2307 50 3 2303 2306 2308 3703
2308 51 3 2304 2307 2407 3704
2401 52 2 2304 2402 2407
2402 53 2 2401 2403 2408
2403 54 2 2402 2404 2409
2404 55 2 2403 2405 2410
2405 56 2 2404 2406 2411
2406 57 2 2405 2412
2407 52 3 2308 2401 2408 2413
2408 53 3 2402 2407 2409 2414
2409 54 3 2403 2408 2410 2415
2410 55 3 2404 2409 2411 2416
2411 56 3 2405 2410 2412 2417
2412 57 3 2406 2411 2418
2413 52 4 2407 2414 2419 3704
2414 53 4 2408 2413 2415 2420
2415 54 4 2409 2414 2416 2421
2416 55 4 2410 2415 2417 2422
2417 56 4 2411 2416 2418 2423
2418 57 4 2412 2417 2424
2419 52 5 2413 2420 3708
2420 53 5 2414 2419 2421
2421 54 5 2415 2420 2422
2422 55 5 2416 2421 2423
2423 56 5 2417 2422 2424
2424 57 5 2418 2423
2501 0 4 1105 2502 2505
2502 1 4 1106 2501 2503 2506
2503 2 4 1107 2502 2504 2507
2504 3 4 1108 2503 2508 2601
2505 0 5 2501 2506
2506 1 5 2502 2505 2507 3802
2507 2 5 2503 2506 2508
2508 3 5 2504 2507 2605
2601 4 4 1205 2504 2602 2605
2602 5 4 1206 2601 2603 2606
2603 6 4 1207 2602 2604 2607
2604 7 4 1208 2603 2608 2701
2605 4 5 2508 2601 2606
2606 5 5 2602 2605 2607
2607 6 5 2603 2606 2608
2608 7 5 2604 2607 2705
2701 8 4 1305 2604 2702 2705
2702 9 4 1306 2701 2703 2706
2703 10 4 1307 2702 2704 2707
2704 11 4 1308 2703 2708 2801
2705 8 5  2608 2701 2706
2706 9 5 2702 2705 2707
2707 10 5 2703 2706 2708
2708 11 5 2704 2707 2805
2801 12 4 1405 2704 2802 2805
2802 13 4 1406 2801 2803 2806
2803 14 4 1407 2802 2804 2807
2804 15 4 1408 2803 2808 2901
2805 12 5 2708 2801 2806
2806 13 5 2802 2805 2807 4002
2807 14 5 2803 2806 2808
2808 15 5 2804 2807 2905
2901 16 4 1505 2804 2902 2905
2902 17 4 1506 2901 2903 2906
2903 18 4 1507 2902 2904 2907
2904 19 4 1508 2903 2908 3001
2905 16 5 2808 2901 2906
2906 17 5 2902 2905 2907
2907 18 5 2903 2906 2908
2908 19 5 2904 2907 3005
3001 20 4 1605 2904 3002 3005
3002 21 4 1606 3001 3003 3006
3003 22 4 1607 3002 3004 3007
3004 23 4 1608 3003 3008 3101
3005 20 5 2908 3001 3006
3006 21 5 3002 3005 3007
3007 22 5 3003 3006 3008
3008 23 5 3004 3007 3105
3101 24 4 1705 3004 3102 3105
3102 25 4 1706 3101 3103 3106
3103 26 4 1707 3102 3104 3107
3104 27 4 1708 3103 3108 3201
3105 24 5 3008 3101 3106
3106 25 5 3102 3105 3107
3107 26 5 3103 3106 3108 4203
3108 27 5 3104 3107 3205
3201 28 4 1805 3104 3202 3205
3202 29 4 1806 3201 3203 3206
3203 30 4 1807 3202 3204 3207
3204 31 4 1808 3203 3208 3301
3205 28 5 3108 3201 3206
3206 29 5 3202 3205 3207
3207 30 5 3203 3206 3208
3208 31 5 3204 3207 3305
3301 32 4 1905 3204 3302 3305
3302 33 4 1906 3301 3303 3306
3303 34 4 1907 3302 3304 3307
3304 35 4 1908 3303 3308 3401
3305 32 5 3208 3301 3306
3306 33 5 3302 3305 3307
3307 34 5 3303 3306 3308
3308 35 5 3304 3307 3405
3401 36 4 2005 3304 3402 3405
3402 37 4 2006 3401 3403 3406
3403 38 4 2007 3402 3404 3407
3404 39 4 2008 3403 3408 3501
3405 36 5 3308 3401 3406
3406 37 5 3402 3405 3407
3407 38 5 3403 3406 3408 4403
3408 39 5 3404 3407 3505
3501 40 4 2105 3404 3502 3505
3502 41 4 2106 3501 3503 3506
3503 42 4 2107 3502 3504 3507
3504 43 4 2108 3503 3508 3601
3505 40 5 3408 3501 3506
3506 41 5 3502 3505 3507
3507 42 5 3503 3506 3508
3508 43 5 3504 3507 3605
3601 44 4 2205 3504 3602 3605
3602 45 4 2206 3601 3603 3606
3603 46 4 2207 3602 3604 3607
3604 47 4 2208 3603 3608 3701
3605 44 5 3508 3601 3606
3606 45 5 3602 3605 3607
3607 46 5 3603 3606 3608
3608 47 5 3604 3607 3705
3701 48 4 2305 3604 3702 3705
3702 49 4 2306 3701 3703 3706
3703 50 4 2307 3702 3704 3707
3704 51 4 2308 2413 3703 3708
3705 48 5 3608 3701 3706
3706 49 5 3702 3705 3707
3707 50 5 3703 3706 3708 4603
3708 51 5 2419 3704 3707
3801 0 6 3803
3802 1 6 2506 3801
3803 0 7 3804
3804 1 7 3802 3901
3901 3 7 2508
4001 12 6 4003
4002 13 6 2806 4001
4003 12 7 4004
4004 13 7 4002 4101
4101 15 7 2808
4201 24 6 4204
4202 25 6 4201
4203 26 6 3107 4202
4204 24 7 4205
4205 25 7 4206
4206 26 7 4203 4302
4301 27 6 3108
4302 27 7 4301
4401 36 6 4404
4402 37 6 4401
4403 38 6 3407 4402
4404 36 7 4405
4405 37 7 4406
4406 38 7 4403 4502
4501 39 6 3408
4502 39 7 4501
4601 48 6 4604
4602 49 6 4601
4603 50 6 3707 4602
4604 48 7 4605
4605 49 7 4606
4606 50 7 4603 4702
4701 51 6 3708
4702 51 7 4701