1 0 0 11
2 2 0 1 11
3 12 0 14
4 14 0 3 14
5 24 0 17
6 25 0 5 17
7 36 0 20
8 37 0 7 20
9 48 0 23
10 49 0 9 23
11 0 2 2 12 25
12 4 2 11 13 26
13 8 2 12 14 27
14 12 2 4 13 15 28
15 16 2 14 16 29
16 20 2 15 17 30
17 24 2 6 16 18 31
18 28 2 17 19 32
19 32 2 18 20 33
20 36 2 8 19 21 34
21 40 2 20 22 35
22 44 2 21 23 36
23 48 2 10 22 24 37
24 52 2 23 37
25 0 4 11 26 38
26 4 4 12 25 27
27 8 4 13 26 28
28 12 4 14 27 29 40
29 16 4 15 28 30
30 20 4 16 29 31
31 24 4 17 30 32 42
32 28 4 18 31 33
33 32 4 19 32 34
34 36 4 20 33 35 44
35 40 4 21 34 36
36 44 4 22 35 37
37 48 4 23 24 36 46
38 0 6 25 39
39 2 6 25
40 12 6 28 41
41 14 6 28
42 24 6 31 43
43 27 6 31
44 36 6 34 45
45 39 6 34
46 48 6 37 47
47 51 6 37